zHD,MU
0.001,28.160294959940178
0.002,29.66712409540238
0.003,30.54925706447287
0.004,31.175624942822697
0.005,31.66184672954374
0.006,32.05942221267719
0.007,32.39582294977101
0.008,32.68744701446366
0.009000000000000001,32.94487150217314
0.01,33.17531838091232
0.011,33.38393878788335
0.012,33.574536133524084
0.013000000000000001,33.74999877078472
0.014,33.91257186312305
0.015,34.06403522974126
0.016,34.20582367644481
0.017,34.33911078244007
0.018000000000000002,34.464868701827506
0.019,34.58391177490223
0.02,34.696928940024044
0.021,34.80450822934146
0.022,34.90715556080317
0.023,35.00530934949225
0.024,35.09935200699404
0.025,35.189619091763724
0.026000000000000002,35.27640666376551
0.027,35.35997725034802
0.028,35.44056472662131
0.029,35.518378339048226
0.03,35.59360604664016
0.031,35.666417314094595
0.032,35.73696546133398
0.033,35.80538965139013
0.034,35.87181658144771
0.035,35.936361928695995
0.036000000000000004,35.99913159245395
0.037,36.060222766070815
0.038,36.119724865853954
0.039,36.17772033931115
0.04,36.23428537105012
0.041,36.289490501500616
0.042,36.343401171069466
0.043000000000000003,36.396078200257946
0.044,36.447578214577845
0.045,36.49795402171139
0.046,36.54725494721455
0.047,36.59552713411429
0.048,36.642813810961634
0.049,36.689155532244854
0.05,36.73459039451254
0.051000000000000004,36.77915423109422
0.052000000000000005,36.822880787912545
0.053,36.865801882548155
0.054,36.90794754843519
0.055,36.94934616582684
0.056,36.99002458095993
0.057,37.030008214670524
0.058,37.0693211615659
0.059000000000000004,37.10798628071633
0.06,37.146025278727315
0.061,37.183458785942484
0.062,37.220306426452936
0.063,37.25658688250327
0.064,37.292317953825915
0.065,37.3275166123766
0.066,37.362199052889046
0.067,37.39638073963018
0.068,37.43007644968948
0.069,37.463300313110096
0.07,37.49606585013138
0.07100000000000001,37.5283860057901
0.07200000000000001,37.560273182101966
0.073,37.59173926802319
0.074,37.62279566737399
0.075,37.65345332488715
0.076,37.68372275053268
0.077,37.71361404225129
0.078,37.74313690722134
0.079,37.7723006817712
0.08,37.80111435003988
0.081,37.82958656147679
0.082,37.85772564726946
0.083,37.88553963577509
0.084,37.913036267027366
0.085,37.940223006385814
0.08600000000000001,37.967107057385896
0.08700000000000001,37.993695373847274
0.088,38.019994671289325
0.089,38.046011437701715
0.09,38.07175194371441
0.091,38.097222252203736
0.092,38.122428227375266
0.093,38.1473755433551
0.094,38.172069692320996
0.095,38.19651599220484
0.096,38.2207195939901
0.097,38.24468548863214
0.098,38.268418513623715
0.099,38.291923359226814
0.1,38.31520457439093
0.101,38.338266572378
0.10200000000000001,38.36111363610921
0.10300000000000001,38.38374992325132
0.10400000000000001,38.40617947105768
0.105,38.428406200976774
0.106,38.450433923043036
0.107,38.47226634006123
0.108,38.49390705159625
0.109,38.51535955777898
0.11,38.536627262938374
0.111,38.557713479069605
0.112,38.57862142914571
0.113,38.59935425028319
0.114,38.619914996767356
0.115,38.6403066429459
0.116,38.66053208599697
0.117,38.68059414857882
0.11800000000000001,38.70049558136618
0.11900000000000001,38.72023906548044
0.12,38.739827214816835
0.121,38.75926257827639
0.122,38.778547641905455
0.123,38.79768483094743
0.124,38.816676511812524
0.125,38.83552499396744
0.126,38.85423253175013
0.127,38.872801326112864
0.128,38.891233526297015
0.129,38.909531231442074
0.13,38.92769649213387
0.131,38.945731311891606
0.132,38.96363764860015
0.133,38.98141741588706
0.134,38.999072484448746
0.135,39.01660468332671
0.136,39.03401580113734
0.137,39.05130758725612
0.138,39.068481752959194
0.139,39.08553997252341
0.14,39.10248388428707
0.14100000000000001,39.11931509167283
0.14200000000000002,39.13603516417478
0.14300000000000002,39.152645638310545
0.14400000000000002,39.16914801853994
0.145,39.18554377815289
0.146,39.20183436012561
0.147,39.21802117794843
0.148,39.23410561642489
0.149,39.25008903244476
0.15,39.26597275573048
0.151,39.28175808955878
0.152,39.297446311459254
0.153,39.31303867388928
0.154,39.32853640488703
0.155,39.343940708703954
0.156,39.35925276641599
0.157,39.37447373651631
0.158,39.38960475548812
0.159,39.40464693836036
0.16,39.419601379245435
0.161,39.43446915186035
0.162,39.44925131003182
0.163,39.46394888818543
0.164,39.478562901820425
0.165,39.49309434796976
0.166,39.50754420564608
0.167,39.521913436274716
0.168,39.53620298411315
0.169,39.55041377665904
0.17,39.56454672504494
0.171,39.57860272442247
0.17200000000000001,39.59258265433485
0.17300000000000001,39.606487379078615
0.17400000000000002,39.62031774805507
0.17500000000000002,39.63407459611148
0.176,39.647758743872785
0.177,39.661370998063695
0.178,39.67491215182177
0.179,39.68838298500184
0.18,39.70178426447191
0.181,39.71511674440063
0.182,39.72838116653712
0.183,39.7415782604833
0.184,39.75470874395822
0.185,39.76777332305566
0.186,39.780772692494644
0.187,39.79370753586353
0.188,39.8065785258569
0.189,39.81938632450701
0.19,39.83213158340855
0.191,39.844814943937685
0.192,39.85743703746524
0.193,39.86999848556493
0.194,39.88249990021522
0.195,39.894941883996964
0.196,39.90732503028525
0.197,39.919649923436964
0.198,39.93191713897299
0.199,39.94412724375661
0.2,39.956280796166446
0.201,39.96837834626602
0.202,39.980420435968604
0.203,39.99240759919794
0.20400000000000001,40.00434036204537
0.20500000000000002,40.016219242922894
0.20600000000000002,40.02804475271245
0.20700000000000002,40.039817394911736
0.20800000000000002,40.05153766577644
0.209,40.06320605445906
0.21,40.07482304314438
0.211,40.086389107181944
0.212,40.09790471521501
0.213,40.10937032930673
0.214,40.12078640506345
0.215,40.13215339175488
0.216,40.14347173243175
0.217,40.154741864040425
0.218,40.16596421753524
0.219,40.17713921798805
0.22,40.18826728469524
0.221,40.199348831282556
0.222,40.210384265807235
0.223,40.221373990858254
0.224,40.232318403653764
0.225,40.243217896137125
0.226,40.25407285506995
0.227,40.26488366212379
0.228,40.275650693969496
0.229,40.28637432236462
0.23,40.2970549142389
0.231,40.30769283177813
0.232,40.3182884325059
0.233,40.328842069363795
0.234,40.3393540907897
0.23500000000000001,40.34982484079461
0.23600000000000002,40.36025465903775
0.23700000000000002,40.3706438809001
0.23800000000000002,40.38099283755618
0.23900000000000002,40.39130185604493
0.24,40.401571259338084
0.241,40.41180136640846
0.242,40.42199249229543
0.243,40.43214494817018
0.244,40.442259041399
0.245,40.452335075605376
0.246,40.4623733507311
0.247,40.472374163095814
0.248,40.48233780545534
0.249,40.4922645670592
0.25,40.502154733706774
0.251,40.51200858780191
0.252,40.52182640840738
0.253,40.531608471297396
0.254,40.54135504900948
0.255,40.551066410895345
0.256,40.560742823170735
0.257,40.570384548964
0.258,40.57999184836421
0.259,40.58956497846811
0.26,40.59910419342605
0.261,40.60860974448731
0.262,40.61808188004413
0.263,40.62752084567558
0.264,40.63692688418981
0.265,40.6463002356661
0.266,40.6556411374959
0.267,40.66494982442297
0.268,40.67422652858305
0.269,40.68347147954255
0.27,40.692684904336616
0.271,40.70186702750658
0.272,40.711018071136614
0.273,40.72013825488962
0.274,40.729227796042636
0.275,40.73828690952165
0.276,40.747315807935536
0.277,40.756314701609504
0.278,40.76528379861806
0.279,40.77422330481715
0.28,40.783133423875995
0.281,40.79201435730802
0.28200000000000003,40.800866304501554
0.28300000000000003,40.80968946274989
0.28400000000000003,40.81848402728064
0.28500000000000003,40.8272501912848
0.28600000000000003,40.83598814594529
0.28700000000000003,40.84469808046481
0.28800000000000003,40.853380182093375
0.289,40.86203463615535
0.29,40.870661626076
0.291,40.87926133340755
0.292,40.88783393785481
0.293,40.89637961730044
0.294,40.90489854782969
0.295,40.91339090375476
0.296,40.92185685763873
0.297,40.93029658031918
0.298,40.93871024093119
0.299,40.94709800693022
0.3,40.95546004411441
0.301,40.96379651664666
0.302,40.9721075870762
0.303,40.980393416359924
0.304,40.98865416388328
0.305,40.996889987480856
0.306,41.005101043456705
0.307,41.013287486604206
0.308,41.02144947022563
0.309,41.02958714615153
0.31,41.03770066475951
0.311,41.04579017499323
0.312,41.05385582438036
0.313,41.06189775905094
0.314,41.06991612375508
0.315,41.07791106188045
0.316,41.08588271546949
0.317,41.09383122523637
0.318,41.10175673058373
0.319,41.10965936961899
0.32,41.117539279170586
0.321,41.125396594803966
0.322,41.133231450837066
0.323,41.141043980355875
0.324,41.14883431522957
0.325,41.15660258612546
0.326,41.16434892252378
0.327,41.17207345273208
0.328,41.17977630389956
0.329,41.18745760203112
0.33,41.195117472001236
0.331,41.20275603756751
0.332,41.21037342138422
0.333,41.21796974501541
0.334,41.22554512894805
0.335,41.233099692604775
0.336,41.240633554356606
0.337,41.24814683153531
0.338,41.25563964044581
0.339,41.26311209637811
0.34,41.27056431361937
0.341,41.277996405465515
0.342,41.285408484232896
0.343,41.292800661269595
0.34400000000000003,41.30017304696676
0.34500000000000003,41.30752575076959
0.34600000000000003,41.314858881188286
0.34700000000000003,41.3221725458088
0.34800000000000003,41.3294668513034
0.34900000000000003,41.336741903441194
0.35000000000000003,41.343997807098276
0.35100000000000003,41.351234666268056
0.352,41.3584525840712
0.353,41.365651662765345
0.354,41.372832003755065
0.355,41.379993707601315
0.356,41.38713687403092
0.357,41.394261601945814
0.358,41.40136798943239
0.359,41.40845613377043
0.36,41.41552613144208
0.361,41.422578078140674
0.362,41.429612068779406
0.363,41.436628197499914
0.364,41.44362655768069
0.365,41.450607241945505
0.366,41.45757034217154
0.367,41.46451594949757
0.368,41.47144415433185
0.369,41.47835504636015
0.37,41.4852487145535
0.371,41.492125247175764
0.372,41.49898473179133
0.373,41.50582725527258
0.374,41.5126529038072
0.375,41.51946176290549
0.376,41.52625391740759
0.377,41.53302945149048
0.378,41.539788448675026
0.379,41.546530991832874
0.38,41.553257163193244
0.381,41.55996704434964
0.382,41.56666071626654
0.383,41.57333825928581
0.384,41.57999975313336
0.385,41.58664527692531
0.386,41.59327490917439
0.387,41.59988872779624
0.388,41.60648681011533
0.389,41.613069232871126
0.39,41.619636072224125
0.391,41.62618740376165
0.392,41.632723302503734
0.393,41.639243842908854
0.394,41.64574909887952
0.395,41.65223914376807
0.396,41.658714050382024
0.397,41.66517389098966
0.398,41.67161873732529
0.399,41.67804866059474
0.4,41.68446373148052
0.401,41.69086402014699
0.402,41.69724959624556
0.403,41.70362052891975
0.404,41.70997688681013
0.405,41.71631873805934
0.406,41.72264615031693
0.40700000000000003,41.72895919074419
0.40800000000000003,41.73525792601889
0.40900000000000003,41.74154242234003
0.41000000000000003,41.74781274543247
0.41100000000000003,41.75406896055148
0.41200000000000003,41.760311132487324
0.41300000000000003,41.766539325569745
0.41400000000000003,41.77275360367235
0.41500000000000004,41.77895403021702
0.41600000000000004,41.785140668178165
0.417,41.791313580087106
0.418,41.79747282803615
0.419,41.80361847368292
0.42,41.809750578254295
0.421,41.81586920255064
0.422,41.82197440694972
0.423,41.82806625141071
0.424,41.83414479547811
0.425,41.84021009828564
0.426,41.84626221856007
0.427,41.85230121462502
0.428,41.85832714440466
0.429,41.86434006542744
0.43,41.870340034829795
0.431,41.876327109359664
0.432,41.88230134538014
0.433,41.88826279887298
0.434,41.8942115254421
0.435,41.90014758031702
0.436,41.90607101835627
0.437,41.911981894050776
0.438,41.9178802615272
0.439,41.92376617455125
0.44,41.929639686530884
0.441,41.935500850519574
0.442,41.941349719219474
0.443,41.94718634498467
0.444,41.953010779824055
0.445,41.95882307540471
0.446,41.96462328305471
0.447,41.970411453766275
0.448,41.97618763819864
0.449,41.98195188668113
0.45,41.98770424921595
0.451,41.99344477548115
0.452,41.999173514833416
0.453,42.00489051631092
0.454,42.01059582863607
0.455,42.01628950021832
0.456,42.02197157915687
0.457,42.02764211324332
0.458,42.03330114996439
0.459,42.038948736504544
0.46,42.044584919748566
0.461,42.05020974628421
0.462,42.055823262404665
0.463,42.06142551411115
0.464,42.06701654711536
0.465,42.07259640684195
0.466,42.07816513843106
0.467,42.08372278674054
0.468,42.089269396348556
0.46900000000000003,42.09480501155585
0.47000000000000003,42.10032967638805
0.47100000000000003,42.105843434598086
0.47200000000000003,42.111346329668386
0.47300000000000003,42.11683840481318
0.47400000000000003,42.1223197029808
0.47500000000000003,42.12779026685578
0.47600000000000003,42.13325013886118
0.47700000000000004,42.13869936116068
0.47800000000000004,42.14413797566072
0.47900000000000004,42.14956602401273
0.48,42.154983547615075
0.481,42.16039058761534
0.482,42.16578718491221
0.483,42.17117338015762
0.484,42.17654921375875
0.485,42.18191472587995
0.486,42.187269956444915
0.487,42.19261494513841
0.488,42.197949731408364
0.489,42.203274354467744
0.49,42.20858885329642
0.491,42.21389326664315
0.492,42.219187633027275
0.493,42.22447199074074
0.494,42.229746377849814
0.495,42.23501083219686
0.496,42.24026539140229
0.497,42.2455100928661
0.498,42.250744973769855
0.499,42.25597007107824
0.5,42.2611854215409
0.501,42.26639106169404
0.502,42.27158702786221
0.503,42.27677335615991
0.504,42.28195008249321
0.505,42.287117242561486
0.506,42.29227487185892
0.507,42.297423005676194
0.508,42.30256167910201
0.509,42.30769092702471
0.51,42.312810784133795
0.511,42.3179212849215
0.512,42.323022463684275
0.513,42.32811435452433
0.514,42.333196991351095
0.515,42.33827040788276
0.516,42.3433346376477
0.517,42.34838971398588
0.518,42.35343567005043
0.519,42.35847253880891
0.52,42.36350035304482
0.521,42.36851914535899
0.522,42.37352894817093
0.523,42.378529793720226
0.524,42.38352171406788
0.525,42.388504741097655
0.526,42.393478906517444
0.527,42.398444241860545
0.528,42.403400778486976
0.529,42.40834854758478
0.53,42.41328758017133
0.531,42.41821790709455
0.532,42.4231395590342
0.533,42.42805256650311
0.534,42.43295695984847
0.535,42.43785276925297
0.536,42.44274002473604
0.537,42.447618756155116
0.538,42.45248899320672
0.539,42.45735076542775
0.54,42.46220410219654
0.541,42.46704903273408
0.542,42.4718855861052
0.543,42.476713791219616
0.544,42.48153367683311
0.545,42.48634527154861
0.546,42.491148603817365
0.547,42.495943701939964
0.548,42.50073059406747
0.549,42.505509308202434
0.55,42.51027987220006
0.551,42.51504231376915
0.552,42.51979666047327
0.553,42.524542939731646
0.554,42.52928117882032
0.555,42.53401140487308
0.556,42.53873364488254
0.557,42.543447925701074
0.558,42.54815427404186
0.559,42.552852716479805
0.56,42.55754327945261
0.561,42.56222598926162
0.562,42.56690087207289
0.5630000000000001,42.571567953918034
0.5640000000000001,42.576227260695255
0.5650000000000001,42.58087881817019
0.5660000000000001,42.58552265197695
0.5670000000000001,42.590158787618876
0.5680000000000001,42.59478725046959
0.5690000000000001,42.5994080657738
0.5700000000000001,42.60402125864829
0.5710000000000001,42.60862685408266
0.5720000000000001,42.61322487694032
0.5730000000000001,42.617815351959365
0.5740000000000001,42.622398303753315
0.5750000000000001,42.626973756812085
0.5760000000000001,42.63154173550279
0.577,42.63610226407059
0.578,42.64065536663949
0.579,42.645201067213236
0.58,42.64973938967602
0.581,42.65427035779342
0.582,42.6587939952131
0.583,42.66331032546567
0.584,42.66781937196543
0.585,42.67232115801117
0.586,42.67681570678699
0.587,42.68130304136298
0.588,42.68578318469607
0.589,42.690256159630714
0.59,42.694721988899694
0.591,42.699180695124866
0.592,42.70363230081785
0.593,42.708076828380776
0.594,42.712514300107046
0.595,42.716944738182036
0.596,42.72136816468377
0.597,42.72578460158368
0.598,42.7301940707473
0.599,42.73459659393491
0.6,42.738992192802286
0.601,42.74338088890137
0.602,42.747762703680934
0.603,42.75213765848724
0.604,42.75650577456476
0.605,42.76086707305677
0.606,42.76522157500608
0.607,42.76956930135562
0.608,42.77391027294908
0.609,42.77824451053168
0.61,42.78257203475057
0.611,42.786892866155746
0.612,42.79120702520039
0.613,42.795514532241725
0.614,42.799815407541466
0.615,42.804109671266545
0.616,42.80839734348961
0.617,42.81267844418974
0.618,42.81695299325294
0.619,42.82122101047278
0.62,42.82548251555097
0.621,42.82973752809797
0.622,42.83398606763352
0.623,42.83822815358719
0.624,42.842463805299076
0.625,42.8466930420202
0.626,42.85091588291319
0.627,42.85513234705277
0.628,42.85934245342631
0.629,42.863546220934424
0.63,42.867743668391455
0.631,42.87193481452603
0.632,42.876119677981585
0.633,42.88029827731692
0.634,42.88447063100671
0.635,42.88863675744199
0.636,42.892796674930736
0.637,42.896950401698305
0.638,42.901097955888005
0.639,42.90523935556156
0.64,42.90937461869965
0.641,42.913503763202314
0.642,42.9176268068896
0.643,42.921743767501866
0.644,42.92585466270044
0.645,42.92995951006799
0.646,42.934058327108986
0.647,42.93815113125031
0.648,42.942237939841576
0.649,42.94631877015567
0.65,42.95039363938919
0.651,42.95446256466293
0.652,42.95852556302232
0.653,42.962582651437856
0.654,42.96663384680559
0.655,42.97067916594756
0.656,42.97471862561221
0.657,42.97875224247487
0.658,42.982780033138134
0.659,42.98680201413238
0.66,42.990818201916085
0.661,42.99482861287635
0.662,42.998833263329274
0.663,43.0028321695204
0.664,43.00682534762508
0.665,43.01081281374896
0.666,43.01479458392831
0.667,43.0187706741305
0.668,43.02274110025439
0.669,43.02670587813069
0.67,43.0306650235224
0.671,43.03461855212518
0.672,43.03856647956778
0.673,43.042508821412355
0.674,43.04644559315496
0.675,43.05037681022581
0.676,43.05430248798979
0.677,43.058222641746696
0.678,43.062137286731726
0.679,43.06604643811579
0.68,43.06995011100591
0.681,43.07384832044554
0.682,43.07774108141501
0.683,43.081628408831804
0.684,43.08551031755097
0.685,43.08938682236545
0.686,43.09325793800647
0.687,43.09712367914386
0.6880000000000001,43.10098406038639
0.6890000000000001,43.104839096282156
0.6900000000000001,43.108688801318905
0.6910000000000001,43.11253318992437
0.6920000000000001,43.11637227646661
0.6930000000000001,43.12020607525436
0.6940000000000001,43.12403460053736
0.6950000000000001,43.127857866506666
0.6960000000000001,43.13167588729501
0.6970000000000001,43.135488676977104
0.6980000000000001,43.13929624956998
0.6990000000000001,43.14309861903331
0.7000000000000001,43.1468957992697
0.7010000000000001,43.15068780412507
0.7020000000000001,43.154474647388895
0.7030000000000001,43.15825634279456
0.704,43.16203290401966
0.705,43.16580434468634
0.706,43.16957067836154
0.707,43.17333191855735
0.708,43.1770880787313
0.709,43.180839172286646
0.71,43.184585212572685
0.711,43.18832621288506
0.712,43.192062186466
0.713,43.195793146504705
0.714,43.19951910613754
0.715,43.203240078448374
0.716,43.20695607646887
0.717,43.210667113178765
0.718,43.214373201506106
0.719,43.21807435432761
0.72,43.221770584468885
0.721,43.2254619047047
0.722,43.22914832775932
0.723,43.232829866306716
0.724,43.236506532970864
0.725,43.240178340326
0.726,43.24384530089692
0.727,43.247507427159206
0.728,43.251164731539504
0.729,43.25481722641578
0.73,43.25846492411762
0.731,43.2621078369264
0.732,43.26574597707565
0.733,43.26937935675123
0.734,43.2730079880916
0.735,43.27663188318811
0.736,43.280251054085184
0.737,43.283865512780636
0.738,43.287475271225844
0.739,43.291080341326065
0.74,43.29468073494064
0.741,43.29827646388325
0.742,43.301867539922114
0.743,43.305453974780306
0.744,43.3090357801359
0.745,43.31261296762229
0.746,43.31618554882837
0.747,43.319753535298766
0.748,43.323316938534106
0.749,43.32687576999119
0.75,43.33043004108329
0.751,43.333979763180295
0.752,43.33752494760901
0.753,43.34106560565334
0.754,43.344601748554496
0.755,43.34813338751124
0.756,43.351660533680125
0.757,43.35518319817565
0.758,43.35870139207054
0.759,43.36221512639592
0.76,43.36572441214153
0.761,43.369229260255956
0.762,43.37272968164683
0.763,43.37622568718105
0.764,43.37971728768494
0.765,43.38320449394453
0.766,43.386687316705704
0.767,43.39016576667443
0.768,43.393639854516934
0.769,43.39710959085994
0.77,43.40057498629086
0.771,43.40403605135795
0.772,43.40749279657058
0.773,43.41094523239933
0.774,43.41439336927631
0.775,43.417837217595235
0.776,43.42127678771171
0.777,43.42471208994334
0.778,43.428143134569986
0.779,43.43156993183392
0.78,43.434992491939994
0.781,43.4384108250559
0.782,43.44182494131225
0.783,43.44523485080285
0.784,43.44864056358483
0.785,43.452042089678855
0.786,43.455439439069295
0.787,43.45883262170437
0.788,43.46222164749639
0.789,43.4656065263219
0.79,43.468987268021834
0.791,43.47236388240174
0.792,43.475736379231904
0.793,43.47910476824755
0.794,43.48246905914902
0.795,43.4858292616019
0.796,43.48918538523725
0.797,43.49253743965172
0.798,43.495885434407754
0.799,43.49922937903372
0.8,43.50256928302412
0.801,43.50590515583972
0.802,43.50923700690771
0.803,43.51256484562188
0.804,43.515888681342815
0.805,43.51920852339798
0.806,43.522524381081936
0.807,43.52583626365646
0.808,43.52914418035076
0.809,43.532448140361566
0.81,43.53574815285334
0.811,43.53904422695837
0.812,43.54233637177698
0.8130000000000001,43.54562459637765
0.8140000000000001,43.54890890979719
0.8150000000000001,43.55218932104086
0.8160000000000001,43.555465839082565
0.8170000000000001,43.558738472864945
0.8180000000000001,43.56200723129957
0.8190000000000001,43.565272123267064
0.8200000000000001,43.56853315761728
0.8210000000000001,43.57179034316941
0.8220000000000001,43.57504368871213
0.8230000000000001,43.57829320300377
0.8240000000000001,43.58153889477244
0.8250000000000001,43.58478077271619
0.8260000000000001,43.58801884550311
0.8270000000000001,43.5912531217715
0.8280000000000001,43.59448361013004
0.8290000000000001,43.59771031915787
0.8300000000000001,43.60093325740472
0.8310000000000001,43.60415243339113
0.8320000000000001,43.607367855608516
0.833,43.6105795325193
0.834,43.61378747255712
0.835,43.61699168412686
0.836,43.62019217560487
0.837,43.623388955339024
0.838,43.62658203164894
0.839,43.62977141282602
0.84,43.632957107133635
0.841,43.63613912280725
0.842,43.639317468054514
0.843,43.64249215105545
0.844,43.645663179962504
0.845,43.648830562900756
0.846,43.65199430796797
0.847,43.65515442323478
0.848,43.65831091674475
0.849,43.66146379651458
0.85,43.66461307053412
0.851,43.66775874676662
0.852,43.67090083314872
0.853,43.67403933759067
0.854,43.677174267976426
0.855,43.68030563216371
0.856,43.683433437984206
0.857,43.68655769324364
0.858,43.68967840572191
0.859,43.69279558317318
0.86,43.69590923332602
0.861,43.6990193638835
0.862,43.70212598252334
0.863,43.70522909689798
0.864,43.7083287146347
0.865,43.711424843335784
0.866,43.714517490578544
0.867,43.71760666391552
0.868,43.72069237087452
0.869,43.72377461895877
0.87,43.72685341564703
0.871,43.72992876839365
0.872,43.733000684628735
0.873,43.736069171758224
0.874,43.73913423716401
0.875,43.74219588820402
0.876,43.74525413221237
0.877,43.7483089764994
0.878,43.75136042835185
0.879,43.75440849503292
0.88,43.757453183782374
0.881,43.76049450181668
0.882,43.763532456329045
0.883,43.76656705448959
0.884,43.76959830344541
0.885,43.772626210320674
0.886,43.77565078221673
0.887,43.77867202621223
0.888,43.78168994936316
0.889,43.78470455870304
0.89,43.787715861242916
0.891,43.790723863971536
0.892,43.793728573855404
0.893,43.796729997838895
0.894,43.79972814284434
0.895,43.802723015772116
0.896,43.80571462350076
0.897,43.80870297288706
0.898,43.81168807076613
0.899,43.81466992395151
0.9,43.81764853923527
0.901,43.82062392338809
0.902,43.82359608315935
0.903,43.82656502527723
0.904,43.82953075644882
0.905,43.83249328336014
0.906,43.83545261267629
0.907,43.83840875104157
0.908,43.841361705079464
0.909,43.84431148139281
0.91,43.84725808656387
0.911,43.8502015271544
0.912,43.853141809705754
0.913,43.85607894073897
0.914,43.85901292675484
0.915,43.861943774234014
0.916,43.86487148963706
0.917,43.86779607940458
0.918,43.87071754995726
0.919,43.873635907696006
0.92,43.87655115900194
0.921,43.87946331023658
0.922,43.88237236774186
0.923,43.885278337840205
0.924,43.88818122683468
0.925,43.891081041009
0.926,43.89397778662763
0.927,43.89687146993588
0.928,43.89976209715998
0.929,43.90264967450715
0.93,43.90553420816569
0.931,43.90841570430503
0.932,43.911294169075845
0.933,43.91416960861012
0.934,43.91704202902123
0.935,43.919911436403986
0.936,43.92277783683475
0.937,43.92564123637149
0.9380000000000001,43.928501641053884
0.9390000000000001,43.93135905690333
0.9400000000000001,43.93421348992311
0.9410000000000001,43.93706494609838
0.9420000000000001,43.939913431396306
0.9430000000000001,43.9427589517661
0.9440000000000001,43.94560151313911
0.9450000000000001,43.948441121428885
0.9460000000000001,43.951277782531264
0.9470000000000001,43.9541115023244
0.9480000000000001,43.95694228666891
0.9490000000000001,43.95977014140787
0.9500000000000001,43.96259507236695
0.9510000000000001,43.96541708535442
0.9520000000000001,43.968236186161256
0.9530000000000001,43.97105238056123
0.9540000000000001,43.97386567431096
0.9550000000000001,43.97667607314992
0.9560000000000001,43.979483582800626
0.9570000000000001,43.98228820896862
0.9580000000000001,43.98508995734254
0.9590000000000001,43.98788883359425
0.96,43.99068484337882
0.961,43.99347799233467
0.962,43.99626828608359
0.963,43.99905573023082
0.964,44.00184033036513
0.965,44.00462209205885
0.966,44.00740102086799
0.967,44.01017712233224
0.968,44.01295040197507
0.969,44.01572086530382
0.97,44.018488517809715
0.971,44.02125336496795
0.972,44.024015412237745
0.973,44.026774665062426
0.974,44.02953112886949
0.975,44.03228480907063
0.976,44.03503571106182
0.977,44.03778384022341
0.978,44.04052920192013
0.979,44.04327180150118
0.98,44.04601164430028
0.981,44.048748735635755
0.982,44.05148308081057
0.983,44.05421468511241
0.984,44.05694355381371
0.985,44.05966969217173
0.986,44.06239310542865
0.987,44.06511379881155
0.988,44.06783177753255
0.989,44.0705470467888
0.99,44.0732596117626
0.991,44.07596947762141
0.992,44.07867664951793
0.993,44.08138113259015
0.994,44.08408293196141
0.995,44.086782052740446
0.996,44.08947850002147
0.997,44.09217227888419
0.998,44.09486339439391
0.999,44.09755185160156
