-1.000000000000000000e+00 6.065306597126334243e-01
-9.797979797979797789e-01 6.187821291130269907e-01
-9.595959595959595578e-01 6.310234822213524053e-01
-9.393939393939394478e-01 6.432444302093645039e-01
-9.191919191919192267e-01 6.554345080877850283e-01
-8.989898989898990056e-01 6.675830885386383473e-01
-8.787878787878787845e-01 6.796793963468413802e-01
-8.585858585858585634e-01 6.917125234067429407e-01
-8.383838383838383423e-01 7.036714442771987432e-01
-8.181818181818181213e-01 7.155450322567010746e-01
-7.979797979797980112e-01 7.273220759480746311e-01
-7.777777777777777901e-01 7.389912962803087959e-01
-7.575757575757575690e-01 7.505413639532211301e-01
-7.373737373737373479e-01 7.619609172688648346e-01
-7.171717171717171269e-01 7.732385803118873024e-01
-6.969696969696970168e-01 7.843629814394471600e-01
-6.767676767676766847e-01 7.953227720397999523e-01
-6.565656565656565746e-01 8.061066455172727352e-01
-6.363636363636363535e-01 8.167033564600839624e-01
-6.161616161616161325e-01 8.271017399463185260e-01
-5.959595959595959114e-01 8.372907309423580635e-01
-5.757575757575756903e-01 8.472593837471892320e-01
-5.555555555555555802e-01 8.569968914352789069e-01
-5.353535353535352481e-01 8.664926052501175091e-01
-5.151515151515151381e-01 8.757360539000913491e-01
-4.949494949494949170e-01 8.847169627080628818e-01
-4.747474747474746959e-01 8.934252725659073135e-01
-4.545454545454544748e-01 9.018511586452826467e-01
-4.343434343434342537e-01 9.099850488161056461e-01
-4.141414141414141437e-01 9.178176417245493823e-01
-3.939393939393939226e-01 9.253399244828994785e-01
-3.737373737373737015e-01 9.325431899242715428e-01
-3.535353535353534804e-01 9.394190533760338191e-01
-3.333333333333332593e-01 9.459594689067655215e-01
-3.131313131313130382e-01 9.521567450027328405e-01
-2.929292929292928171e-01 9.580035596311655688e-01
-2.727272727272727071e-01 9.634929746490679126e-01
-2.525252525252524860e-01 9.686184495178942200e-01
-2.323232323232322649e-01 9.733738542861551934e-01
-2.121212121212120438e-01 9.777534818038954301e-01
-1.919191919191918227e-01 9.817520591349769843e-01
-1.717171717171716017e-01 9.853647581352338314e-01
-1.515151515151514916e-01 9.885872051667915494e-01
-1.313131313131312705e-01 9.914154899211968797e-01
-1.111111111111110494e-01 9.938461733264412068e-01
-9.090909090909082835e-02 9.958762945154984170e-01
-7.070707070707060726e-02 9.975033768366116105e-01
-5.050505050505038618e-02 9.987254328882498866e-01
-3.030303030303027612e-02 9.995409685644082165e-01
-1.010101010101005503e-02 9.999489860987229584e-01
1.010101010101016605e-02 9.999489860987229584e-01
3.030303030303049816e-02 9.995409685644081055e-01
5.050505050505060822e-02 9.987254328882498866e-01
7.070707070707071829e-02 9.975033768366116105e-01
9.090909090909105039e-02 9.958762945154984170e-01
1.111111111111111605e-01 9.938461733264412068e-01
1.313131313131314926e-01 9.914154899211968797e-01
1.515151515151516026e-01 9.885872051667915494e-01
1.717171717171717127e-01 9.853647581352338314e-01
1.919191919191920448e-01 9.817520591349768733e-01
2.121212121212121549e-01 9.777534818038953190e-01
2.323232323232324870e-01 9.733738542861551934e-01
2.525252525252525970e-01 9.686184495178941090e-01
2.727272727272729291e-01 9.634929746490679126e-01
2.929292929292930392e-01 9.580035596311654578e-01
3.131313131313131493e-01 9.521567450027328405e-01
3.333333333333334814e-01 9.459594689067654105e-01
3.535353535353535914e-01 9.394190533760337081e-01
3.737373737373739235e-01 9.325431899242714318e-01
3.939393939393940336e-01 9.253399244828993675e-01
4.141414141414143657e-01 9.178176417245492713e-01
4.343434343434344758e-01 9.099850488161055351e-01
4.545454545454545858e-01 9.018511586452826467e-01
4.747474747474749179e-01 8.934252725659072025e-01
4.949494949494950280e-01 8.847169627080628818e-01
5.151515151515153601e-01 8.757360539000912381e-01
5.353535353535354702e-01 8.664926052501173981e-01
5.555555555555555802e-01 8.569968914352789069e-01
5.757575757575759123e-01 8.472593837471891209e-01
5.959595959595960224e-01 8.372907309423579525e-01
6.161616161616163545e-01 8.271017399463184150e-01
6.363636363636364646e-01 8.167033564600839624e-01
6.565656565656567967e-01 8.061066455172726242e-01
6.767676767676769067e-01 7.953227720397998413e-01
6.969696969696970168e-01 7.843629814394471600e-01
7.171717171717173489e-01 7.732385803118871914e-01
7.373737373737374590e-01 7.619609172688648346e-01
7.575757575757577911e-01 7.505413639532210190e-01
7.777777777777779011e-01 7.389912962803086849e-01
7.979797979797982332e-01 7.273220759480745201e-01
8.181818181818183433e-01 7.155450322567009636e-01
8.383838383838384534e-01 7.036714442771987432e-01
8.585858585858587855e-01 6.917125234067428297e-01
8.787878787878788955e-01 6.796793963468413802e-01
8.989898989898992276e-01 6.675830885386382363e-01
9.191919191919193377e-01 6.554345080877849172e-01
9.393939393939394478e-01 6.432444302093645039e-01
9.595959595959597799e-01 6.310234822213521833e-01
9.797979797979798899e-01 6.187821291130268797e-01
1.000000000000000000e+00 6.065306597126334243e-01
